0
20
120  200  250  300
150  250  300  300
 0    0    0    0    0    0    0    0    0    0    0    0    0    0    0    0
 0    1    2    3    3    5    5    5    9    9    9    18   16   25   100  500

0 	0 	0 	0 	0 	0 	0 	0 	1 	1 	1 	3 	3 	5 	24 	24 
	0 	0 	0 	0 	1 	1 	1 	2 	2 	2 	6 	6 	9 	25 	24 
		0 	0 	0 	1 	1 	1 	2 	2 	2 	6 	6 	9 	25 	24 
			1 	1 	2 	2 	2 	3 	3 	3 	7 	7 	10 	27 	26 
				1 	2 	2 	2 	3 	3 	3 	7 	7 	10 	27 	26 
					3 	3 	3 	4 	4 	4 	8 	8 	11 	29 	27 
						3 	3 	4 	4 	4 	8 	8 	11 	29 	27 
							3 	4 	4 	4 	8 	8 	11 	29 	27 
								5 	5 	5 	9 	9 	13 	31 	29 
									5 	5 	9 	9 	13 	31 	29 
										5 	9 	9 	13 	31 	29 
											14 	14 	18 	37 	35 
												14 	18 	37 	35 
													21 	41 	40 
														63 	61 
															60 



 0    0    0    0    0    0    0    0    0    0    0    0    0    0    0    0
      0    0    0    0    0    0    0    0    0    0    0    0    0    0    0
           0    0    0    0    0    0    0    0    0    0    0    0    0    0
                0    0    0    0    0    0    0    0    0    0    0    0    0
                     0    0    0    0    0    0    0    0    0    0    0    0
                          0    0    0    0    0    0    0    0    0    0    0
                               0    0    0    0    0    0    0    0    0    0
                                    0    0    0    0    0    0    0    0    0
                                         0    0    0    0    0    0    0    0
                                              0    0    0    0    0    0    0
                                                   0    0    0    0    0    0
                                                        0    0    0    0    0
                                                             0    0    0    0
                                                                  0    0    0
                                                                       0    0
                                                                            0





 0    0    0    0    0    0    0    0    0    0    0    0    0    0    0    0
      0    0    0    0    0    0    0    0    0    0    0    0    0    0    0
           0    0    0    0    0    0    0    0    0    0    0    0    0    0
                0    0    0    0    0    0    0    0    0    0    0    0    0
                     0    0    0    0    0    0    0    0    0    0    0    0
                          0    0    0    0    0    0    0    0    0    0    0
                               0    0    0    0    0    0    0    0    0    0
                                    0    0    0    0    0    0    0    0    0
                                         0    0    0    0    0    0    0    0
                                              0    0    0    0    0    0    0
                                                   0    0    0    0    0    0
                                                        0    0    0    0    0
                                                             0    0    0    0
                                                                  0    0    0
                                                                       0    0
                                                                            0

 0    0    0    0    0    0    0    0    0    0    0    0    0    0    0    0
      0    0    0    0    0    0    0    0    0    0    0    0    0    0    0
           0    0    0    0    0    0    0    0    0    0    0    0    0    0
                0    0    0    0    0    0    0    0    0    0    0    0    0
                     0    0    0    0    0    0    0    0    0    0    0    0
                          0    0    0    0    0    0    0    0    0    0    0
                               0    0    0    0    0    0    0    0    0    0
                                    0    0    0    0    0    0    0    0    0
                                         0    0    0    0    0    0    0    0
                                              0    0    0    0    0    0    0
                                                   0    0    0    0    0    0
                                                        0    0    0    0    0
                                                             0    0    0    0
                                                                  0    0    0
                                                                       0    0
                                                                            0



# 数字分别为：
    # 调试模式：若设为1，在每次计算之前都会读入config，适合用于经常调整config而不重启引擎的情况
    # 延伸系数：控制整体的延伸程度,建议取值范围[1 ~ 32]
    # Futility Puring Margin：最多四个数字，分别为depth=0~4的Margin, 设置的越小剪枝越多, 建议设置为逐个递增
    # Razoring Puring Margin：最多四个数字，分别为depth=0~4的Margin, 设置的越小剪枝越多, 建议设置为逐个递增
    # 单线评估：分别为(..)
    # 单线选点评估：分别为(..)

    # 双线评估加分：分别为(死型死型,死型眠一, ... ,连五连五)，一共136项
    # 双线选点评估加分：分别为(死型死型,死型眠一, ... ,连五连五)，一共136项
    # 双线分数叠加到单线棋型上(会有重复), 即为ab + ac + ad + bc + bd + cd

    # 最大双线评估加分：分别为(死型死型,死型眠一, ... ,连五连五)，一共136项
    # 最大双线选点评估加分：分别为(死型死型,死型眠一, ... ,连五连五)，一共136项
    # 简单的max(ab, ac, ad, bc, bd, cd)叠加

# 注意：理论上所有评估的取值范围在[-32768, 32767]之间，但是建议设置在[-500,500]之间防止合并四线分时溢出

# 四线评价分值为单线与双线的分数和
# 评价分值决定了哪一种棋型最优
# 先手评价的活四,后手评价的活四、连五均不代表必胜
# 选点分值决定了先搜索哪种棋型,设置得当可以显著加快搜索速度
# 延伸系数设置得越高,延伸地越多,但相应的,在相同时间内全面搜索的层数可能会有所下降。

# 若成功载入配置,引擎会输出相应信息。